-2.244914134742402201e+00 -5.607376898847466151e+00 -1.726274228421200707e-01 -2.919025559447115015e+01 1.384211992758878829e+01 1.265082827022969809e+02 -3.092623845874876487e+00 1.014599308149969570e+00 -2.321453845805474714e+01 -2.593739460622288995e+00 4.693546456937231603e+00 -1.738969626261890511e+01 -1.290298534926859197e+00 1.064992425755189061e+03
-2.244914134742402201e+00 -6.637376898847467288e+00 -1.026274228421200085e-01 -2.948025559447114929e+01 9.442119927588787931e+00 9.950828270229698091e+01 -3.242623845874876398e+00 7.145993081499693034e-01 -2.323453845805474671e+01 -3.603739460622288782e+00 3.433546456937231817e+00 -1.737969626261890355e+01 -1.810298534926859215e+00 1.049992425755189061e+03
-2.244914134742402201e+00 -6.677376898847466435e+00 4.773725771578798405e-01 -2.895025559447115171e+01 1.684211992758879006e+01 1.005082827022969809e+02 -3.092623845874876487e+00 1.194599308149969730e+00 -2.319453845805474757e+01 -2.073739460622288977e+00 4.733546456937231639e+00 -1.739969626261890312e+01 -2.040298534926859197e+00 1.184992425755189061e+03
-2.244914134742402201e+00 -5.467376898847467359e+00 6.737257715787992041e-02 -2.912025559447114986e+01 1.504211992758878935e+01 1.125082827022969809e+02 -2.042623845874876221e+00 1.444599308149969730e+00 -2.325453845805474984e+01 -2.703739460622288870e+00 6.853546456937231746e+00 -1.756969626261890483e+01 -1.760298534926858949e+00 1.479992425755189061e+03
-2.244914134742402201e+00 -6.597376898847466364e+00 7.073725771578798227e-01 -2.875025559447114887e+01 1.924211992758878864e+01 1.175082827022969809e+02 -3.092623845874876487e+00 6.445993081499694632e-01 -2.310453845805474771e+01 -3.063739460622288746e+00 3.373546456937232207e+00 -1.738969626261890511e+01 -2.280298534926858967e+00 7.349924257551890605e+02
-2.244914134742402201e+00 -5.637376898847467288e+00 -1.226274228421200263e-01 -2.917025559447115057e+01 1.344211992758878793e+01 1.115082827022969809e+02 -2.622623845874876292e+00 1.344599308149969641e+00 -2.315453845805474842e+01 -2.913739460622289279e+00 5.803546456937231923e+00 -1.737969626261890355e+01 -2.360298534926859038e+00 1.449992425755189061e+03
-2.244914134742402201e+00 -5.447376898847466009e+00 -1.262742284211992860e-02 -2.917025559447115057e+01 1.284211992758878829e+01 9.550828270229698091e+01 -3.392623845874876309e+00 4.745993081499695343e-01 -2.319453845805474757e+01 -2.903739460622289048e+00 4.303546456937231923e+00 -1.740969626261890468e+01 -1.630298534926859055e+00 1.289992425755189061e+03
-2.244914134742402201e+00 -5.777376898847466080e+00 2.673725771578798760e-01 -2.901025559447115043e+01 1.584211992758879006e+01 1.205082827022969809e+02 -3.292623845874876221e+00 4.645993081499693034e-01 -2.318453845805474955e+01 -3.633739460622289030e+00 4.103546456937231746e+00 -1.736969626261890554e+01 -1.630298534926859055e+00 1.294992425755189061e+03
-2.244914134742402201e+00 -5.007376898847466506e+00 -2.426274228421201329e-01 -2.945025559447115171e+01 1.224211992758878864e+01 9.650828270229698091e+01 -3.092623845874876487e+00 9.345993081499694988e-01 -2.320453845805474913e+01 -2.903739460622289048e+00 4.253546456937232101e+00 -1.734969626261890596e+01 -2.360298534926859038e+00 1.044992425755189061e+03
-2.244914134742402201e+00 -5.977376898847467146e+00 -5.326274228421199464e-01 -2.935025559447115029e+01 1.424211992758878864e+01 9.750828270229698091e+01 -2.912623845874876327e+00 1.104599308149969428e+00 -2.327453845805474941e+01 -3.033739460622288941e+00 6.273546456937231675e+00 -1.741969626261890269e+01 -1.660298534926859304e+00 1.044992425755189061e+03
-2.244914134742402201e+00 -5.737376898847466933e+00 2.773725771578801069e-01 -2.932025559447114915e+01 1.624211992758878864e+01 1.045082827022969809e+02 -2.942623845874876132e+00 1.274599308149969357e+00 -2.327453845805474941e+01 -2.503739460622289137e+00 4.803546456937231923e+00 -1.717969626261890426e+01 -2.040298534926859197e+00 1.509992425755189061e+03
-2.244914134742402201e+00 -5.717376898847467359e+00 -4.026274228421200529e-01 -2.930025559447114958e+01 1.504211992758878935e+01 9.450828270229698091e+01 -3.692623845874876132e+00 3.845993081499696764e-01 -2.323453845805474671e+01 -3.313739460622288746e+00 4.053546456937231923e+00 -1.725969626261890255e+01 -2.390298534926859286e+00 1.279992425755189061e+03
-2.244914134742402201e+00 -6.087376898847466578e+00 -1.526274228421200529e-01 -2.921025559447114972e+01 1.424211992758878864e+01 8.850828270229698091e+01 -3.292623845874876221e+00 7.145993081499693034e-01 -2.320453845805474913e+01 -3.073739460622288977e+00 4.653546456937231568e+00 -1.727969626261890568e+01 -2.310298534926859215e+00 1.319992425755189061e+03
-2.244914134742402201e+00 -5.087376898847466578e+00 -1.526274228421200529e-01 -2.923025559447114929e+01 9.642119927588788997e+00 9.050828270229698091e+01 -2.792623845874876221e+00 1.644599308149969463e+00 -2.306453845805474856e+01 -2.073739460622288977e+00 4.453546456937232279e+00 -1.717969626261890426e+01 -2.480298534926859144e+00 1.149992425755189061e+03
-2.244914134742402201e+00 -5.457376898847465796e+00 -1.262742284211992860e-02 -2.924025559447115086e+01 1.024211992758878864e+01 1.015082827022969809e+02 -2.592623845874876487e+00 1.594599308149969641e+00 -2.320453845805474913e+01 -1.923739460622289066e+00 6.553546456937231923e+00 -1.722969626261890497e+01 -2.210298534926859126e+00 1.546992425755189061e+03
-2.244914134742402201e+00 -6.207376898847465796e+00 -7.262742284211998189e-02 -2.892025559447115057e+01 1.544211992758878793e+01 1.115082827022969809e+02 -3.042623845874876221e+00 8.645993081499696586e-01 -2.319453845805474757e+01 -3.423739460622289066e+00 6.353546456937231746e+00 -1.714969626261890312e+01 -2.330298534926859233e+00 1.309992425755189061e+03
-2.244914134742402201e+00 -5.537376898847465867e+00 3.737257715787989376e-02 -2.890025559447115100e+01 1.824211992758878864e+01 1.195082827022969809e+02 -3.092623845874876487e+00 1.094599308149969641e+00 -2.316453845805474998e+01 -2.913739460622289279e+00 5.253546456937232101e+00 -1.735969626261890397e+01 -2.560298534926859215e+00 1.279992425755189061e+03
-2.244914134742402201e+00 -6.007376898847466506e+00 -3.126274228421199730e-01 -2.900025559447114887e+01 1.824211992758878864e+01 1.145082827022969809e+02 -2.942623845874876132e+00 1.354599308149969428e+00 -2.309453845805474970e+01 -3.163739460622289279e+00 5.653546456937231568e+00 -1.729969626261890525e+01 -2.640298534926859286e+00 1.129992425755189061e+03
-2.244914134742402201e+00 -5.647376898847467075e+00 -2.926274228421199552e-01 -2.914025559447114944e+01 1.474211992758878864e+01 1.075082827022969809e+02 -2.592623845874876487e+00 1.884599308149969676e+00 -2.317453845805474799e+01 -3.023739460622288711e+00 7.753546456937231213e+00 -1.719969626261890383e+01 -2.390298534926859286e+00 1.679992425755189061e+03
-2.244914134742402201e+00 -6.197376898847466009e+00 1.217372577157880054e+00 -2.906025559447115114e+01 1.344211992758878793e+01 1.155082827022969809e+02 -3.192623845874876132e+00 9.845993081499693211e-01 -2.332453845805474657e+01 -3.223739460622288888e+00 4.153546456937231568e+00 -1.746969626261890340e+01 -1.850298534926859251e+00 8.449924257551890605e+02
-2.244914134742402201e+00 -5.777376898847466080e+00 -2.526274228421201418e-01 -2.934025559447114873e+01 1.424211992758878864e+01 1.255082827022969809e+02 -2.892623845874876309e+00 1.124599308149969445e+00 -2.325453845805474984e+01 -2.783739460622288941e+00 4.703546456937232279e+00 -1.733969626261890440e+01 -1.500298534926859162e+00 7.799924257551890605e+02
-2.244914134742402201e+00 -6.907376898847466862e+00 1.917372577157879787e+00 -2.897025559447115128e+01 1.684211992758879006e+01 1.015082827022969809e+02 -3.482623845874876167e+00 3.645993081499696586e-01 -2.324453845805474828e+01 -2.903739460622289048e+00 3.553546456937231923e+00 -1.739969626261890312e+01 -1.690298534926859109e+00 7.699924257551890605e+02
-2.244914134742402201e+00 -6.127376898847465725e+00 -2.262742284211993748e-02 -2.926025559447115043e+01 1.484211992758879006e+01 1.005082827022969809e+02 -3.282623845874876434e+00 8.345993081499694100e-01 -2.322453845805474870e+01 -3.193739460622289084e+00 2.853546456937231746e+00 -1.731969626261890483e+01 -1.210298534926859126e+00 1.034992425755189061e+03
-2.244914134742402201e+00 -6.987376898847466933e+00 -2.826274228421199464e-01 -2.910025559447115029e+01 1.604211992758878935e+01 9.450828270229698091e+01 -3.412623845874876327e+00 3.245993081499696231e-01 -2.323453845805474671e+01 -3.423739460622289066e+00 2.983546456937231639e+00 -1.733969626261890440e+01 -1.580298534926859233e+00 1.014992425755189061e+03
-2.244914134742402201e+00 -6.337376898847466578e+00 -7.262742284211998189e-02 -2.901025559447115043e+01 1.824211992758878864e+01 9.550828270229698091e+01 -3.362623845874876505e+00 5.645993081499693922e-01 -2.321453845805474714e+01 -3.223739460622288888e+00 2.573546456937231497e+00 -1.730969626261890326e+01 -1.390298534926859286e+00 8.449924257551890605e+02
-2.244914134742402201e+00 -6.787376898847465867e+00 1.673725771578797872e-01 -2.840025559447115100e+01 2.324211992758878864e+01 1.235082827022969809e+02 -3.262623845874876416e+00 6.345993081499696764e-01 -2.302453845805474941e+01 -2.963739460622289101e+00 2.633546456937231994e+00 -1.729969626261890525e+01 -2.010298534926858949e+00 8.299924257551890605e+02
-2.244914134742402201e+00 -6.447376898847466009e+00 -1.126274228421200174e-01 -2.900025559447114887e+01 1.434211992758879006e+01 9.250828270229698091e+01 -3.042623845874876221e+00 8.945993081499694632e-01 -2.315453845805474842e+01 -3.433739460622288853e+00 3.853546456937231746e+00 -1.750969626261890255e+01 -1.990298534926858931e+00 1.194992425755189061e+03
-2.244914134742402201e+00 -6.537376898847465867e+00 -1.626274228421200618e-01 -2.948025559447114929e+01 1.524211992758878864e+01 9.350828270229698091e+01 -3.492623845874876398e+00 1.445993081499694632e-01 -2.322453845805474870e+01 -3.533739460622288941e+00 3.003546456937232101e+00 -1.740969626261890468e+01 -2.440298534926859109e+00 1.284992425755189061e+03
-2.244914134742402201e+00 -5.967376898847467359e+00 1.737257715787987600e-02 -2.882025559447114915e+01 1.764211992758878722e+01 1.065082827022969809e+02 -2.942623845874876132e+00 9.245993081499697119e-01 -2.312453845805474728e+01 -3.123739460622289243e+00 3.553546456937231923e+00 -1.717969626261890426e+01 -1.810298534926859215e+00 9.149924257551890605e+02
-2.244914134742402201e+00 -5.817376898847467004e+00 -2.026274228421200974e-01 -2.941025559447114901e+01 1.424211992758878864e+01 9.550828270229698091e+01 -3.242623845874876398e+00 2.845993081499695876e-01 -2.323453845805474671e+01 -2.903739460622289048e+00 3.753546456937232101e+00 -1.738969626261890511e+01 -1.620298534926859269e+00 1.034992425755189061e+03
-2.244914134742402201e+00 -6.107376898847466151e+00 -3.826274228421200352e-01 -2.892025559447115057e+01 2.074211992758878864e+01 1.005082827022969809e+02 -2.892623845874876309e+00 1.204599308149969517e+00 -2.320453845805474913e+01 -2.503739460622289137e+00 4.753546456937232101e+00 -1.723969626261890298e+01 -2.500298534926859162e+00 1.284992425755189061e+03
-2.244914134742402201e+00 -6.257376898847466506e+00 -2.226274228421201151e-01 -2.926025559447115043e+01 1.734211992758879006e+01 1.055082827022969809e+02 -3.032623845874876434e+00 1.144599308149969463e+00 -2.327453845805474941e+01 -2.933739460622288853e+00 5.953546456937232279e+00 -1.733969626261890440e+01 -2.330298534926859233e+00 1.514992425755189061e+03
-2.244914134742402201e+00 -6.157376898847466862e+00 -5.262742284211996413e-02 -2.926025559447115043e+01 1.544211992758878793e+01 1.035082827022969809e+02 -3.472623845874876380e+00 6.445993081499694632e-01 -2.307453845805474657e+01 -2.913739460622289279e+00 2.893546456937231781e+00 -1.719969626261890383e+01 -2.340298534926859020e+00 9.899924257551890605e+02
-2.244914134742402201e+00 -6.077376898847466791e+00 -3.526274228421200085e-01 -2.892025559447115057e+01 1.774211992758878864e+01 1.315082827022969809e+02 -2.942623845874876132e+00 6.945993081499697297e-01 -2.299453845805474828e+01 -3.533739460622288941e+00 4.453546456937232279e+00 -1.717969626261890426e+01 -2.210298534926859126e+00 1.234992425755189061e+03
-2.244914134742402201e+00 -6.327376898847466791e+00 -8.262742284211999078e-02 -2.897025559447115128e+01 1.724211992758878864e+01 1.095082827022969809e+02 -3.542623845874876221e+00 4.845993081499693211e-01 -2.320453845805474913e+01 -3.343739460622288995e+00 3.253546456937232101e+00 -1.732969626261890284e+01 -2.340298534926859020e+00 1.094992425755189061e+03
-2.244914134742402201e+00 -6.357376898847466151e+00 -7.262742284211998189e-02 -2.921025559447114972e+01 1.874211992758878864e+01 9.950828270229698091e+01 -3.192623845874876132e+00 9.345993081499694988e-01 -2.323453845805474671e+01 -3.023739460622288711e+00 4.153546456937231568e+00 -1.738969626261890511e+01 -1.740298534926858931e+00 9.199924257551890605e+02
-2.244914134742402201e+00 -6.557376898847467217e+00 -2.426274228421201329e-01 -2.878025559447115000e+01 1.374211992758878864e+01 1.095082827022969809e+02 -3.292623845874876221e+00 6.345993081499696764e-01 -2.315453845805474842e+01 -3.523739460622288711e+00 3.653546456937231568e+00 -1.733969626261890440e+01 -2.430298534926859322e+00 8.799924257551890605e+02
-2.244914134742402201e+00 -6.787376898847465867e+00 -2.326274228421201240e-01 -2.907025559447114915e+01 1.624211992758878864e+01 9.750828270229698091e+01 -3.442623845874876132e+00 3.845993081499696764e-01 -2.320453845805474913e+01 -3.443739460622289084e+00 3.303546456937231923e+00 -1.730969626261890326e+01 -2.700298534926859340e+00 1.104992425755189061e+03
-2.244914134742402201e+00 -6.767376898847466293e+00 -3.826274228421200352e-01 -2.952025559447114844e+01 1.374211992758878864e+01 9.750828270229698091e+01 -3.492623845874876398e+00 5.945993081499696409e-01 -2.321453845805474714e+01 -3.513739460622288924e+00 2.753546456937232101e+00 -1.724969626261890454e+01 -2.520298534926859180e+00 1.019992425755189061e+03
-2.244914134742402201e+00 -5.617376898847465938e+00 2.107372577157880400e+00 -2.911025559447114830e+01 1.144211992758878793e+01 1.275082827022969809e+02 -2.892623845874876309e+00 9.945993081499695521e-01 -2.329453845805474899e+01 -2.803739460622288959e+00 4.153546456937231568e+00 -1.753969626261890369e+01 -1.680298534926859322e+00 7.599924257551890605e+02
-2.244914134742402201e+00 -6.277376898847466080e+00 -1.726274228421200707e-01 -2.931025559447115114e+01 1.444211992758878793e+01 1.165082827022969809e+02 -2.742623845874876398e+00 1.244599308149969552e+00 -2.315453845805474842e+01 -2.543739460622289172e+00 5.183546456937231817e+00 -1.747969626261890497e+01 -1.830298534926859233e+00 7.949924257551890605e+02
-2.244914134742402201e+00 -6.427376898847466435e+00 1.957372577157879823e+00 -2.950025559447114887e+01 1.704211992758878935e+01 8.950828270229698091e+01 -3.442623845874876132e+00 6.345993081499696764e-01 -2.322453845805474870e+01 -3.403739460622289048e+00 3.333546456937232172e+00 -1.751969626261890411e+01 -2.210298534926859126e+00 1.034992425755189061e+03
-2.244914134742402201e+00 -5.957376898847465796e+00 7.372577157879867116e-03 -2.903025559447115000e+01 1.324211992758878864e+01 1.005082827022969809e+02 -2.642623845874876309e+00 1.514599308149969570e+00 -2.332453845805474657e+01 -3.183739460622288853e+00 4.483546456937231639e+00 -1.754969626261890525e+01 -1.650298534926859073e+00 1.094992425755189061e+03
-2.244914134742402201e+00 -6.597376898847466364e+00 2.097372577157879725e+00 -2.933025559447115072e+01 1.574211992758878864e+01 1.025082827022969809e+02 -3.252623845874876185e+00 5.845993081499694100e-01 -2.317453845805474799e+01 -3.223739460622288888e+00 3.413546456937232243e+00 -1.760969626261890397e+01 -2.210298534926859126e+00 6.799924257551890605e+02
-2.244914134742402201e+00 -6.787376898847465867e+00 -1.126274228421200174e-01 -2.952025559447114844e+01 1.524211992758878864e+01 1.065082827022969809e+02 -2.892623845874876309e+00 9.545993081499695165e-01 -2.321453845805474714e+01 -2.853739460622289226e+00 4.093546456937231959e+00 -1.754969626261890525e+01 -1.860298534926859038e+00 8.849924257551890605e+02
-2.244914134742402201e+00 -5.627376898847465725e+00 2.157372577157880222e+00 -2.918025559447114858e+01 1.714211992758878722e+01 1.105082827022969809e+02 -3.042623845874876221e+00 6.045993081499694277e-01 -2.319453845805474757e+01 -3.633739460622289030e+00 4.293546456937232136e+00 -1.755969626261890326e+01 -1.880298534926859055e+00 1.079992425755189061e+03
-2.244914134742402201e+00 -5.457376898847465796e+00 1.707372577157879823e+00 -2.934025559447114873e+01 1.424211992758878864e+01 1.015082827022969809e+02 -2.642623845874876309e+00 1.124599308149969445e+00 -2.322453845805474870e+01 -2.693739460622289084e+00 3.953546456937232279e+00 -1.738969626261890511e+01 -1.770298534926859180e+00 1.064992425755189061e+03
-2.244914134742402201e+00 -5.937376898847466222e+00 -2.026274228421200974e-01 -2.950025559447114887e+01 1.424211992758878864e+01 1.005082827022969809e+02 -2.792623845874876221e+00 1.344599308149969641e+00 -2.328453845805474742e+01 -2.743739460622288906e+00 5.153546456937231568e+00 -1.751969626261890411e+01 -1.880298534926859055e+00 9.849924257551890605e+02
-2.244914134742402201e+00 -5.737376898847466933e+00 1.373725771578799826e-01 -2.922025559447115128e+01 1.704211992758878935e+01 1.025082827022969809e+02 -3.142623845874876309e+00 8.745993081499694455e-01 -2.317453845805474799e+01 -2.503739460622289137e+00 5.253546456937232101e+00 -1.735969626261890397e+01 -2.460298534926859126e+00 1.059992425755189061e+03
-2.244914134742402201e+00 -5.897376898847467075e+00 -1.526274228421200529e-01 -2.935025559447115029e+01 1.564211992758878722e+01 1.075082827022969809e+02 -3.012623845874876416e+00 1.494599308149969552e+00 -2.317453845805474799e+01 -2.803739460622288959e+00 7.953546456937232279e+00 -1.730969626261890326e+01 -2.110298534926859038e+00 1.259992425755189061e+03
-2.244914134742402201e+00 -6.787376898847465867e+00 -1.526274228421200529e-01 -2.958025559447115072e+01 1.064211992758878900e+01 9.150828270229698091e+01 -3.172623845874876114e+00 1.224599308149969534e+00 -2.332453845805474657e+01 -1.973739460622288888e+00 6.253546456937232101e+00 -1.730969626261890326e+01 -2.300298534926858984e+00 1.149992425755189061e+03
-2.244914134742402201e+00 -6.007376898847466506e+00 -2.326274228421201240e-01 -2.902025559447114844e+01 1.544211992758878793e+01 9.350828270229698091e+01 -3.442623845874876132e+00 9.445993081499697297e-01 -2.327453845805474941e+01 -2.593739460622288995e+00 4.653546456937231568e+00 -1.718969626261890582e+01 -1.840298534926859020e+00 1.264992425755189061e+03
-2.244914134742402201e+00 -6.017376898847466293e+00 -1.326274228421200352e-01 -2.920025559447115171e+01 1.224211992758878864e+01 1.105082827022969809e+02 -2.012623845874876416e+00 1.694599308149969730e+00 -2.317453845805474799e+01 -3.013739460622288924e+00 6.103546456937231746e+00 -1.741969626261890269e+01 -1.950298534926859340e+00 1.189992425755189061e+03
-2.244914134742402201e+00 -6.067376898847467004e+00 1.737257715787987600e-02 -2.894025559447115015e+01 1.534211992758879006e+01 1.145082827022969809e+02 -2.892623845874876309e+00 7.445993081499695521e-01 -2.310453845805474771e+01 -3.203739460622289315e+00 5.353546456937231746e+00 -1.729969626261890525e+01 -2.280298534926858967e+00 1.374992425755189061e+03
-2.244914134742402201e+00 -6.097376898847466364e+00 -2.126274228421201062e-01 -2.937025559447114986e+01 1.464211992758878722e+01 1.175082827022969809e+02 -3.292623845874876221e+00 8.545993081499694277e-01 -2.328453845805474742e+01 -3.263739460622288924e+00 4.903546456937231568e+00 -1.750969626261890255e+01 -2.010298534926858949e+00 1.059992425755189061e+03
-2.244914134742402201e+00 -6.277376898847466080e+00 -1.526274228421200529e-01 -2.916025559447114901e+01 1.874211992758878864e+01 1.155082827022969809e+02 -2.932623845874876345e+00 7.345993081499693211e-01 -2.329453845805474899e+01 -2.433739460622288853e+00 5.303546456937231923e+00 -1.744969626261890383e+01 -2.180298534926859322e+00 1.119992425755189061e+03
-2.244914134742402201e+00 -5.617376898847465938e+00 -1.826274228421200796e-01 -2.932025559447114915e+01 1.454211992758878935e+01 1.175082827022969809e+02 -2.692623845874876132e+00 9.545993081499695165e-01 -2.323453845805474671e+01 -2.853739460622289226e+00 5.433546456937231817e+00 -1.748969626261890298e+01 -1.900298534926859073e+00 9.699924257551890605e+02
-2.244914134742402201e+00 -6.547376898847467430e+00 8.737257715787993817e-02 -2.894025559447115015e+01 1.504211992758878935e+01 1.015082827022969809e+02 -2.892623845874876309e+00 1.184599308149969499e+00 -2.318453845805474955e+01 -3.223739460622288888e+00 5.053546456937231923e+00 -1.735969626261890397e+01 -2.370298534926859269e+00 1.269992425755189061e+03
-2.244914134742402201e+00 -6.117376898847465938e+00 -4.526274228421200974e-01 -2.912025559447114986e+01 1.494211992758878793e+01 1.075082827022969809e+02 -2.492623845874876398e+00 1.624599308149969445e+00 -2.330453845805474700e+01 -2.843739460622288995e+00 5.853546456937231746e+00 -1.753969626261890369e+01 -2.340298534926859020e+00 1.284992425755189061e+03
-1.244914134742402201e+00 -7.467376898847467359e+00 -9.426274228421200885e-01 -3.026025559447115043e+01 8.842119927588788286e+00 8.750828270229698091e+01 -3.912623845874876327e+00 -1.475400691850030643e+00 -2.321453845805474714e+01 -4.463739460622289101e+00 1.003546456937231657e+00 -1.737969626261890355e+01 -3.390298534926858842e+00 5.199924257551890605e+02
-1.244914134742402201e+00 -7.507376898847466506e+00 -7.826274228421199464e-01 -2.934025559447114873e+01 1.424211992758878864e+01 1.005082827022969809e+02 -3.842623845874876487e+00 -9.554006918500304035e-01 -2.286453845805474927e+01 -4.473739460622288888e+00 2.323546456937231497e+00 -1.717969626261890426e+01 -3.540298534926859197e+00 6.799924257551890605e+02
-1.244914134742402201e+00 -7.197376898847466009e+00 -5.226274228421199375e-01 -2.960025559447115029e+01 1.504211992758878935e+01 9.950828270229698091e+01 -3.872623845874876292e+00 -6.354006918500305634e-01 -2.296453845805474714e+01 -4.263739460622288924e+00 4.803546456937231923e+00 -1.744969626261890383e+01 -3.620298534926859269e+00 4.499924257551890037e+02
-1.244914134742402201e+00 -6.167376898847466649e+00 -6.326274228421200352e-01 -2.970025559447115171e+01 1.624211992758878864e+01 9.350828270229698091e+01 -3.792623845874876221e+00 -2.554006918500304479e-01 -2.317453845805474799e+01 -4.153739460622288604e+00 2.853546456937231746e+00 -1.719969626261890383e+01 -2.750298534926859162e+00 6.299924257551890605e+02
-1.244914134742402201e+00 -7.467376898847467359e+00 -7.526274228421201418e-01 -2.946025559447114972e+01 1.724211992758878864e+01 8.650828270229698091e+01 -2.392623845874876309e+00 1.054599308149969605e+00 -2.330453845805474700e+01 -3.013739460622288924e+00 3.503546456937232101e+00 -1.720969626261890539e+01 -2.340298534926859020e+00 4.199924257551890037e+02
-1.244914134742402201e+00 -7.667376898847466649e+00 -4.326274228421200796e-01 -2.909025559447114873e+01 1.724211992758878864e+01 1.035082827022969809e+02 -4.002623845874876629e+00 -2.954006918500304835e-01 -2.304453845805474899e+01 -3.853739460622288782e+00 2.003546456937232101e+00 -1.697969626261890497e+01 -2.980298534926859144e+00 3.549924257551890037e+02
-1.244914134742402201e+00 -7.467376898847467359e+00 -6.726274228421200707e-01 -2.906025559447115114e+01 1.634211992758879006e+01 9.750828270229698091e+01 -3.472623845874876380e+00 6.045993081499694277e-01 -2.312453845805474728e+01 -2.803739460622288959e+00 3.653546456937231568e+00 -1.723969626261890298e+01 -2.910298534926859304e+00 6.779924257551890605e+02
-1.244914134742402201e+00 -6.727376898847467146e+00 -8.726274228421200263e-01 -2.992025559447115057e+01 1.324211992758878864e+01 7.750828270229698091e+01 -2.912623845874876327e+00 1.134599308149969676e+00 -2.323453845805474671e+01 -2.603739460622289226e+00 4.353546456937231746e+00 -1.730969626261890326e+01 -2.030298534926858967e+00 5.019924257551890037e+02
-1.244914134742402201e+00 -7.467376898847467359e+00 -7.126274228421201062e-01 -2.970025559447115171e+01 1.784211992758879006e+01 7.750828270229698091e+01 -3.782623845874876434e+00 -4.540069185003048347e-02 -2.322453845805474870e+01 -3.843739460622288995e+00 3.733546456937231639e+00 -1.730969626261890326e+01 -1.730298534926859144e+00 5.099924257551890037e+02
-1.244914134742402201e+00 -6.497376898847466720e+00 -9.426274228421200885e-01 -2.926025559447115043e+01 1.524211992758878864e+01 1.095082827022969809e+02 -3.362623845874876505e+00 -7.454006918500304391e-01 -2.294453845805474757e+01 -4.463739460622289101e+00 2.223546456937231852e+00 -1.740969626261890468e+01 -3.280298534926859411e+00 7.499924257551890605e+02
-1.244914134742402201e+00 -7.627376898847465725e+00 -6.926274228421200885e-01 -2.987025559447114986e+01 1.504211992758878935e+01 1.505082827022969809e+02 -4.042623845874876665e+00 -7.654006918500304568e-01 -2.335453845805474771e+01 -2.383739460622289030e+00 1.903546456937231790e+00 -1.714969626261890312e+01 -2.140298534926859286e+00 7.179924257551890605e+02
-1.244914134742402201e+00 -7.547376898847467430e+00 -2.726274228421199375e-01 -2.941025559447114901e+01 1.864211992758878722e+01 1.025082827022969809e+02 -4.792623845874876665e+00 -1.025400691850030466e+00 -2.312453845805474728e+01 -3.423739460622289066e+00 2.103546456937231746e+00 -1.752369626261890545e+01 -3.390298534926858842e+00 8.699924257551890605e+02
-1.244914134742402201e+00 -5.977376898847467146e+00 -3.726274228421200263e-01 -2.895025559447115171e+01 2.324211992758878864e+01 8.550828270229698091e+01 -2.942623845874876132e+00 8.145993081499693922e-01 -2.328453845805474742e+01 -3.013739460622288924e+00 2.433546456937231817e+00 -1.706969626261890483e+01 -2.050298534926858984e+00 4.099924257551890037e+02
-1.244914134742402201e+00 -6.347376898847466364e+00 -2.226274228421201151e-01 -2.938025559447115143e+01 2.224211992758878864e+01 8.650828270229698091e+01 -4.012623845874876416e+00 -2.054006918500304035e-01 -2.322453845805474870e+01 -3.853739460622288782e+00 2.793546456937232136e+00 -1.744969626261890383e+01 -2.430298534926859322e+00 4.719924257551890037e+02
-1.244914134742402201e+00 -6.847376898847466364e+00 -2.126274228421201062e-01 -2.902025559447114844e+01 2.824211992758878864e+01 1.385082827022969809e+02 -2.592623845874876487e+00 8.445993081499696409e-01 -2.328453845805474742e+01 -2.923739460622289066e+00 2.403546456937231568e+00 -1.711969626261890554e+01 -1.710298534926859126e+00 9.849924257551890605e+02
-1.244914134742402201e+00 -7.877376898847465725e+00 -7.926274228421199552e-01 -2.932025559447114915e+01 1.924211992758878864e+01 1.005082827022969809e+02 -2.512623845874876416e+00 9.459930814996964088e-02 -2.336453845805474927e+01 -3.233739460622289119e+00 2.263546456937231888e+00 -1.743969626261890582e+01 -2.080298534926859233e+00 8.859924257551890605e+02
-1.244914134742402201e+00 -8.177376898847466435e+00 -2.627422842120141766e-03 -2.970025559447115171e+01 1.424211992758878864e+01 9.650828270229698091e+01 -4.282623845874875990e+00 -4.754006918500304213e-01 -2.315453845805474842e+01 -3.733739460622289119e+00 2.853546456937231746e+00 -1.719969626261890383e+01 -3.070298534926859002e+00 4.279924257551890037e+02
-1.244914134742402201e+00 -6.807376898847467217e+00 -9.826274228421200130e-01 -2.991025559447114901e+01 1.424211992758878864e+01 8.550828270229698091e+01 -3.942623845874876132e+00 -1.540069185003067886e-02 -2.325453845805474984e+01 -3.423739460622289066e+00 3.653546456937231568e+00 -1.723969626261890298e+01 -2.730298534926859144e+00 3.919924257551890037e+02
-1.244914134742402201e+00 -7.997376898847466720e+00 1.007372577157880089e+00 -2.939025559447114944e+01 1.624211992758878864e+01 1.115082827022969809e+02 -4.172623845874876558e+00 -7.254006918500304213e-01 -2.306453845805474856e+01 -3.933739460622288853e+00 1.703546456937231612e+00 -1.746969626261890340e+01 -2.690298534926859109e+00 4.999924257551890037e+02
-1.244914134742402201e+00 -7.507376898847466506e+00 -8.926274228421200441e-01 -2.967025559447115057e+01 1.304211992758878935e+01 1.355082827022969809e+02 -3.992623845874876398e+00 -1.954006918500303946e-01 -2.314453845805474685e+01 -2.123739460622289243e+00 2.453546456937231390e+00 -1.736969626261890554e+01 -2.900298534926859073e+00 7.499924257551890605e+02
-1.244914134742402201e+00 -7.137376898847467288e+00 1.987372577157880071e+00 -2.922025559447115128e+01 2.124211992758878864e+01 1.005082827022969809e+02 -3.062623845874876238e+00 5.045993081499693389e-01 -2.306453845805474856e+01 -2.933739460622288853e+00 1.623546456937231541e+00 -1.723969626261890298e+01 -2.080298534926859233e+00 4.629924257551890037e+02
-1.244914134742402201e+00 -7.837376898847466578e+00 -9.626274228421199952e-01 -2.962025559447114986e+01 1.724211992758878864e+01 8.550828270229698091e+01 -3.472623845874876380e+00 2.145993081499693034e-01 -2.319453845805474757e+01 -3.453739460622289315e+00 1.553546456937231701e+00 -1.704969626261890525e+01 -2.090298534926859020e+00 2.779924257551890037e+02
-1.244914134742402201e+00 -7.117376898847465938e+00 -7.262742284211998189e-02 -2.942025559447115057e+01 1.704211992758878935e+01 8.550828270229698091e+01 -3.692623845874876132e+00 4.845993081499693211e-01 -2.323453845805474671e+01 -3.113739460622289013e+00 2.953546456937231390e+00 -1.726969626261890411e+01 -2.070298534926859002e+00 7.139924257551890605e+02
-1.244914134742402201e+00 -7.757376898847466506e+00 -7.526274228421201418e-01 -2.911025559447114830e+01 2.224211992758878864e+01 7.750828270229698091e+01 -3.892623845874876309e+00 -4.654006918500304124e-01 -2.309453845805474970e+01 -3.483739460622289119e+00 1.253546456937231879e+00 -1.711969626261890554e+01 -2.490298534926858931e+00 6.299924257551890605e+02
-1.244914134742402201e+00 -6.787376898847465867e+00 1.977372577157879840e+00 -2.930025559447114958e+01 2.074211992758878864e+01 8.450828270229698091e+01 -4.242623845874875954e+00 -4.554006918500304035e-01 -2.288453845805474884e+01 -3.263739460622288924e+00 3.853546456937231746e+00 -1.758969626261890440e+01 -3.200298534926859340e+00 5.149924257551890605e+02
-1.244914134742402201e+00 -7.997376898847466720e+00 -9.926274228421200219e-01 -2.904025559447114802e+01 1.624211992758878864e+01 9.350828270229698091e+01 -3.692623845874876132e+00 1.645993081499694810e-01 -2.327453845805474941e+01 -2.533739460622288941e+00 2.103546456937231746e+00 -1.763969626261890511e+01 -2.130298534926859055e+00 5.199924257551890605e+02
-1.244914134742402201e+00 -7.167376898847466649e+00 -9.026274228421200529e-01 -2.938025559447115143e+01 1.624211992758878864e+01 9.850828270229698091e+01 -3.692623845874876132e+00 -1.054006918500305368e-01 -2.319453845805474757e+01 -3.423739460622289066e+00 1.673546456937231808e+00 -1.719969626261890383e+01 -2.050298534926858984e+00 4.499924257551890037e+02
-1.244914134742402201e+00 -7.677376898847466435e+00 -2.726274228421199375e-01 -2.931025559447115114e+01 2.104211992758878935e+01 8.950828270229698091e+01 -4.112623845874876061e+00 -3.554006918500305368e-01 -2.306453845805474856e+01 -3.323739460622288977e+00 1.503546456937231879e+00 -1.709969626261890596e+01 -2.950298534926859340e+00 4.949924257551890037e+02
-1.244914134742402201e+00 -8.187376898847466222e+00 -2.126274228421201062e-01 -2.900025559447114887e+01 2.424211992758878864e+01 8.750828270229698091e+01 -3.972623845874876380e+00 -4.354006918500303858e-01 -2.309453845805474970e+01 -3.543739460622289172e+00 1.653546456937231790e+00 -1.706969626261890483e+01 -2.000298534926859162e+00 5.619924257551890605e+02
-1.244914134742402201e+00 -8.197376898847466009e+00 1.773725771578800181e-01 -2.916025559447114901e+01 1.984211992758879006e+01 8.350828270229698091e+01 -3.942623845874876132e+00 -3.554006918500305368e-01 -2.301453845805474785e+01 -3.533739460622288941e+00 1.853546456937231524e+00 -1.742969626261890426e+01 -2.460298534926859126e+00 6.799924257551890605e+02
-1.244914134742402201e+00 -7.757376898847466506e+00 -5.526274228421199641e-01 -2.932025559447114915e+01 2.184211992758879006e+01 6.950828270229698091e+01 -3.692623845874876132e+00 -4.554006918500304035e-01 -2.307453845805474657e+01 -3.503739460622289137e+00 7.935464569372316923e-01 -1.735969626261890397e+01 -2.000298534926859162e+00 6.249924257551890605e+02
-1.244914134742402201e+00 -7.757376898847466506e+00 -5.262742284211996413e-02 -2.930025559447114958e+01 1.674211992758878864e+01 8.050828270229698091e+01 -4.292623845874876665e+00 -5.454006918500304835e-01 -2.297453845805474870e+01 -3.243739460622289350e+00 1.453546456937231612e+00 -1.734969626261890596e+01 -2.940298534926859109e+00 4.799924257551890037e+02
-1.244914134742402201e+00 -7.837376898847466578e+00 -3.726274228421200263e-01 -2.920025559447115171e+01 2.024211992758878864e+01 8.550828270229698091e+01 -4.442623845874876132e+00 -7.954006918500304835e-01 -2.299453845805474828e+01 -3.253739460622289137e+00 2.653546456937231568e+00 -1.737969626261890355e+01 -2.560298534926859215e+00 4.499924257551890037e+02
-1.244914134742402201e+00 -7.147376898847467075e+00 -3.526274228421200085e-01 -2.936025559447114830e+01 1.894211992758878793e+01 7.950828270229698091e+01 -4.512623845874876416e+00 -5.854006918500305190e-01 -2.291453845805474998e+01 -3.263739460622288924e+00 2.103546456937231746e+00 -1.746969626261890340e+01 -3.150298534926859073e+00 4.949924257551890037e+02
-1.244914134742402201e+00 -7.547376898847467430e+00 9.473725771578800359e-01 -2.940025559447115100e+01 1.624211992758878864e+01 8.750828270229698091e+01 -3.442623845874876132e+00 2.045993081499695165e-01 -2.324453845805474828e+01 -2.893739460622288817e+00 1.203546456937231612e+00 -1.727969626261890568e+01 -1.910298534926859304e+00 2.899924257551890037e+02
-1.244914134742402201e+00 -8.217376898847467359e+00 1.073725771578799559e-01 -2.934025559447114873e+01 1.624211992758878864e+01 9.750828270229698091e+01 -2.872623845874876292e+00 2.145993081499693034e-01 -2.332453845805474657e+01 -3.533739460622288941e+00 2.303546456937231923e+00 -1.726969626261890411e+01 -2.250298534926859162e+00 3.449924257551890037e+02
-1.244914134742402201e+00 -7.367376898847465938e+00 -3.626274228421200174e-01 -2.942025559447115057e+01 1.724211992758878864e+01 1.615082827022969809e+02 -3.392623845874876309e+00 2.245993081499695343e-01 -2.317453845805474799e+01 -1.603739460622289226e+00 1.653546456937231790e+00 -1.726969626261890411e+01 -2.580298534926859233e+00 9.369924257551890605e+02
-1.244914134742402201e+00 -8.027376898847466080e+00 2.373725771578800714e-01 -2.888025559447115143e+01 1.974211992758878864e+01 1.335082827022969809e+02 -4.292623845874876665e+00 -1.055400691850030492e+00 -2.335453845805474771e+01 -3.323739460622288977e+00 1.553546456937231701e+00 -1.747969626261890497e+01 -2.950298534926859340e+00 6.249924257551890605e+02
-1.244914134742402201e+00 -7.547376898847467430e+00 -4.726274228421201151e-01 -2.964025559447114944e+01 1.424211992758878864e+01 8.450828270229698091e+01 -3.342623845874876487e+00 4.545993081499695165e-01 -2.320453845805474913e+01 -3.113739460622289013e+00 1.953546456937231612e+00 -1.719969626261890383e+01 -2.470298534926858913e+00 4.279924257551890037e+02
-1.244914134742402201e+00 -7.467376898847467359e+00 -8.126274228421199730e-01 -2.952025559447114844e+01 1.674211992758878864e+01 8.750828270229698091e+01 -2.372623845874876292e+00 1.704599308149969517e+00 -2.325453845805474984e+01 -2.933739460622288853e+00 3.553546456937231923e+00 -1.738969626261890511e+01 -2.440298534926859109e+00 6.599924257551890605e+02
-1.244914134742402201e+00 -7.547376898847467430e+00 1.287372577157879894e+00 -2.941025559447114901e+01 1.624211992758878864e+01 8.750828270229698091e+01 -3.042623845874876221e+00 9.445993081499697297e-01 -2.304453845805474899e+01 -2.073739460622288977e+00 1.353546456937231524e+00 -1.700969626261890255e+01 -2.380298534926859055e+00 4.059924257551890037e+02
-1.244914134742402201e+00 -7.757376898847466506e+00 1.973725771578800359e-01 -2.992025559447115057e+01 1.574211992758878864e+01 9.650828270229698091e+01 -3.662623845874876327e+00 1.245993081499694455e-01 -2.323453845805474671e+01 -3.483739460622289119e+00 2.353546456937231746e+00 -1.715969626261890468e+01 -2.250298534926859162e+00 7.099924257551890605e+02
-1.244914134742402201e+00 -7.237376898847466933e+00 -5.426274228421199552e-01 -2.972025559447115128e+01 1.674211992758878864e+01 8.750828270229698091e+01 -4.442623845874876132e+00 -6.854006918500303858e-01 -2.320453845805474913e+01 -3.533739460622288941e+00 1.503546456937231879e+00 -1.738969626261890511e+01 -2.440298534926859109e+00 5.619924257551890605e+02
-1.244914134742402201e+00 -7.497376898847466720e+00 5.673725771578801425e-01 -2.916025559447114901e+01 1.924211992758878864e+01 9.750828270229698091e+01 -3.332623845874876256e+00 6.459930814996939219e-02 -2.315453845805474842e+01 -3.573739460622288977e+00 1.853546456937231524e+00 -1.762969626261890355e+01 -1.830298534926859233e+00 4.379924257551890037e+02
-1.244914134742402201e+00 -8.017376898847466293e+00 -1.626274228421200618e-01 -2.974025559447115086e+01 1.774211992758878864e+01 8.550828270229698091e+01 -3.392623845874876309e+00 -4.054006918500305812e-01 -2.312453845805474728e+01 -3.463739460622289101e+00 1.113546456937231754e+00 -1.748969626261890298e+01 -2.770298534926859180e+00 4.149924257551890037e+02
-1.244914134742402201e+00 -7.327376898847466791e+00 -1.526274228421200529e-01 -2.964025559447114944e+01 1.874211992758878864e+01 8.450828270229698091e+01 -3.692623845874876132e+00 -1.254006918500305545e-01 -2.317453845805474799e+01 -3.403739460622289048e+00 1.993546456937231648e+00 -1.738969626261890511e+01 -1.640298534926859286e+00 6.719924257551890605e+02
-1.244914134742402201e+00 -7.417376898847466649e+00 6.673725771578797872e-01 -2.935025559447115029e+01 2.024211992758878864e+01 8.950828270229698091e+01 -4.212623845874876594e+00 -2.054006918500304035e-01 -2.283453845805474813e+01 -3.463739460622289101e+00 1.753546456937231879e+00 -1.756969626261890483e+01 -1.910298534926859304e+00 3.149924257551890037e+02
-1.244914134742402201e+00 -7.587376898847466578e+00 -1.526274228421200529e-01 -2.950025559447114887e+01 1.724211992758878864e+01 7.950828270229698091e+01 -4.242623845874875954e+00 -1.540069185003067886e-02 -2.312453845805474728e+01 -3.253739460622289137e+00 2.453546456937231390e+00 -1.742969626261890426e+01 -2.040298534926859197e+00 5.099924257551890037e+02
-1.244914134742402201e+00 -7.117376898847465938e+00 -1.326274228421200352e-01 -2.934025559447114873e+01 2.074211992758878864e+01 8.350828270229698091e+01 -4.512623845874876416e+00 -2.854006918500304746e-01 -2.301453845805474785e+01 -3.253739460622289137e+00 2.353546456937231746e+00 -1.754969626261890525e+01 -2.790298534926859197e+00 4.879924257551890037e+02
-1.244914134742402201e+00 -7.617376898847465938e+00 -5.926274228421199997e-01 -2.968025559447114858e+01 1.724211992758878864e+01 9.150828270229698091e+01 -3.532623845874876434e+00 -5.400691850030447938e-03 -2.310453845805474771e+01 -2.803739460622288959e+00 1.753546456937231879e+00 -1.756969626261890483e+01 -2.190298534926859109e+00 3.119924257551890037e+02
-1.244914134742402201e+00 -8.227376898847467146e+00 -5.326274228421199464e-01 -2.892025559447115057e+01 1.824211992758878864e+01 9.350828270229698091e+01 -3.152623845874876096e+00 8.745993081499694455e-01 -2.320453845805474913e+01 -2.393739460622288817e+00 1.703546456937231612e+00 -1.746969626261890340e+01 -1.950298534926859340e+00 6.799924257551890605e+02
-1.244914134742402201e+00 -8.377376898847465725e+00 1.857372577157880178e+00 -2.980025559447114958e+01 1.774211992758878864e+01 1.065082827022969809e+02 -2.712623845874876150e+00 5.345993081499695876e-01 -2.325453845805474984e+01 -1.303739460622288959e+00 1.953546456937231612e+00 -1.767969626261890426e+01 -2.400298534926859073e+00 5.619924257551890605e+02
-1.244914134742402201e+00 -7.317376898847467004e+00 5.473725771578801247e-01 -2.945025559447115171e+01 1.924211992758878864e+01 8.750828270229698091e+01 -3.342623845874876487e+00 2.245993081499695343e-01 -2.323453845805474671e+01 -3.663739460622289279e+00 1.053546456937231701e+00 -1.752969626261890568e+01 -2.430298534926859322e+00 3.249924257551890037e+02
-1.244914134742402201e+00 -8.077376898847466791e+00 7.973725771578801247e-01 -2.870025559447115171e+01 1.824211992758878864e+01 1.025082827022969809e+02 -4.142623845874876309e+00 -1.540069185003067886e-02 -2.289453845805474685e+01 -3.833739460622289208e+00 2.853546456937231746e+00 -1.719969626261890383e+01 -2.710298534926859126e+00 6.069924257551890605e+02
-1.244914134742402201e+00 -8.427376898847466435e+00 -1.142627422842120044e+00 -2.912025559447114986e+01 1.924211992758878864e+01 8.750828270229698091e+01 -3.412623845874876327e+00 -3.540069185003069663e-02 -2.307453845805474657e+01 -3.443739460622289084e+00 2.133546456937231994e+00 -1.732969626261890284e+01 -2.900298534926859073e+00 4.339924257551890037e+02
-1.244914134742402201e+00 -7.757376898847466506e+00 -4.926274228421201329e-01 -2.912025559447114986e+01 2.074211992758878864e+01 8.350828270229698091e+01 -3.332623845874876256e+00 2.445993081499695521e-01 -2.306453845805474856e+01 -3.843739460622288995e+00 1.953546456937231612e+00 -1.749969626261890454e+01 -2.020298534926859180e+00 3.849924257551890037e+02
-1.244914134742402201e+00 -8.807376898847467217e+00 -3.726274228421200263e-01 -2.942025559447115057e+01 1.974211992758878864e+01 8.450828270229698091e+01 -3.432623845874876345e+00 1.245993081499694455e-01 -2.297453845805474870e+01 -2.873739460622289243e+00 9.535464569372316124e-01 -1.671969626261890340e+01 -2.340298534926859020e+00 4.069924257551890037e+02
-1.244914134742402201e+00 -8.017376898847466293e+00 -4.126274228421200618e-01 -2.963025559447115143e+01 1.904211992758878935e+01 8.550828270229698091e+01 -3.912623845874876327e+00 -4.454006918500303946e-01 -2.319453845805474757e+01 -3.353739460622288782e+00 1.003546456937231657e+00 -1.747969626261890497e+01 -1.880298534926859055e+00 4.949924257551890037e+02
-1.244914134742402201e+00 -7.417376898847466649e+00 -2.726274228421199375e-01 -2.943025559447114858e+01 2.074211992758878864e+01 1.075082827022969809e+02 -3.892623845874876309e+00 4.459930814996937443e-02 -2.315453845805474842e+01 -3.273739460622288711e+00 1.113546456937231754e+00 -1.736969626261890554e+01 -2.250298534926859162e+00 3.449924257551890037e+02
-1.244914134742402201e+00 -7.067376898847467004e+00 1.547372577157880125e+00 -2.964025559447114944e+01 1.424211992758878864e+01 7.950828270229698091e+01 -4.262623845874876416e+00 -7.954006918500304835e-01 -2.306453845805474856e+01 -4.053739460622288959e+00 2.453546456937231390e+00 -1.772969626261890497e+01 -3.090298534926859020e+00 3.719924257551890037e+02
-1.244914134742402201e+00 -7.837376898847466578e+00 1.547372577157880125e+00 -2.962025559447114986e+01 1.724211992758878864e+01 8.650828270229698091e+01 -3.892623845874876309e+00 -4.054006918500305812e-01 -2.312453845805474728e+01 -3.013739460622288924e+00 3.335464569372317278e-01 -1.749969626261890454e+01 -2.160298534926859304e+00 5.639924257551890605e+02
-1.244914134742402201e+00 -8.387376898847467288e+00 5.173725771578798760e-01 -2.920025559447115171e+01 1.824211992758878864e+01 9.550828270229698091e+01 -2.992623845874876398e+00 7.445993081499695521e-01 -2.317453845805474799e+01 -3.053739460622288959e+00 2.303546456937231923e+00 -1.762969626261890355e+01 -1.820298534926859002e+00 6.249924257551890605e+02
-1.244914134742402201e+00 -8.277376898847466080e+00 1.673725771578797872e-01 -2.839025559447114944e+01 2.674211992758878864e+01 1.185082827022969809e+02 -2.712623845874876150e+00 3.034599308149969588e+00 -2.302453845805474941e+01 -3.013739460622288924e+00 5.053546456937231923e+00 -1.749969626261890454e+01 -1.520298534926859180e+00 4.649924257551890037e+02
-1.244914134742402201e+00 -7.417376898847466649e+00 2.547372577157879903e+00 -2.889025559447114944e+01 2.474211992758878864e+01 1.015082827022969809e+02 -3.692623845874876132e+00 8.459930814996940995e-02 -2.306453845805474856e+01 -3.173739460622289066e+00 1.133546456937231772e+00 -1.750969626261890255e+01 -2.090298534926859020e+00 3.649924257551890037e+02
-1.244914134742402201e+00 -6.787376898847465867e+00 3.917372577157880009e+00 -2.949025559447115086e+01 1.974211992758878864e+01 8.550828270229698091e+01 -3.272623845874876203e+00 6.045993081499694277e-01 -2.319453845805474757e+01 -2.873739460622289243e+00 1.653546456937231790e+00 -1.769969626261890383e+01 -2.110298534926859038e+00 3.799924257551890037e+02
-1.244914134742402201e+00 -7.967376898847467359e+00 2.427372577157879796e+00 -2.923025559447114929e+01 1.924211992758878864e+01 8.150828270229698091e+01 -3.032623845874876434e+00 9.845993081499693211e-01 -2.328453845805474742e+01 -1.973739460622288888e+00 1.853546456937231524e+00 -1.767969626261890426e+01 -1.570298534926859002e+00 3.799924257551890037e+02
-1.244914134742402201e+00 -7.767376898847466293e+00 2.773725771578801069e-01 -2.945025559447115171e+01 1.924211992758878864e+01 8.450828270229698091e+01 -3.292623845874876221e+00 6.045993081499694277e-01 -2.312453845805474728e+01 -3.533739460622288941e+00 1.813546456937231488e+00 -1.756969626261890483e+01 -1.930298534926859322e+00 3.779924257551890037e+02
-1.244914134742402201e+00 -7.407376898847466862e+00 -3.526274228421200085e-01 -2.933025559447115072e+01 1.974211992758878864e+01 8.550828270229698091e+01 -3.152623845874876096e+00 1.104599308149969428e+00 -2.310453845805474771e+01 -3.113739460622289013e+00 2.993546456937231426e+00 -1.773969626261890298e+01 -2.370298534926859269e+00 3.519924257551890037e+02
-1.244914134742402201e+00 -8.047376898847467430e+00 2.473725771578798582e-01 -2.884025559447114873e+01 2.674211992758878864e+01 9.150828270229698091e+01 -3.762623845874876416e+00 1.945993081499697297e-01 -2.291453845805474998e+01 -3.123739460622289243e+00 2.053546456937231923e+00 -1.745969626261890539e+01 -2.770298534926859180e+00 4.659924257551890037e+02
-1.244914134742402201e+00 -7.467376898847467359e+00 -2.526274228421201418e-01 -2.932025559447114915e+01 2.274211992758878864e+01 8.750828270229698091e+01 -3.672623845874876114e+00 4.045993081499696942e-01 -2.309453845805474970e+01 -2.983739460622289119e+00 1.173546456937231808e+00 -1.753969626261890369e+01 -2.430298534926859322e+00 3.419924257551890037e+02
-1.244914134742402201e+00 -7.797376898847467430e+00 2.417372577157880009e+00 -2.924025559447115086e+01 2.024211992758878864e+01 7.950828270229698091e+01 -3.792623845874876221e+00 -2.954006918500304835e-01 -2.307453845805474657e+01 -3.533739460622288941e+00 1.653546456937231790e+00 -1.763969626261890511e+01 -2.640298534926859286e+00 5.799924257551890605e+02
-2.449141347424022008e-01 -6.977376898847467146e+00 -5.326274228421199464e-01 -2.930025559447114958e+01 1.624211992758878864e+01 1.215082827022969809e+02 -4.382623845874876523e+00 -7.954006918500304835e-01 -2.328453845805474742e+01 -3.943739460622289084e+00 3.153546456937231568e+00 -1.766969626261890269e+01 -3.920298534926859091e+00 6.299924257551890605e+02
-2.449141347424022008e-01 -6.957376898847465796e+00 1.107372577157880178e+00 -2.922025559447115128e+01 1.824211992758878864e+01 1.035082827022969809e+02 -4.592623845874876487e+00 -8.254006918500305101e-01 -2.325453845805474984e+01 -4.053739460622288959e+00 4.453546456937232279e+00 -1.768969626261890582e+01 -3.790298534926859197e+00 5.299924257551890605e+02
-2.449141347424022008e-01 -7.027376898847466080e+00 4.273725771578800181e-01 -2.922025559447115128e+01 2.224211992758878864e+01 9.750828270229698091e+01 -4.742623845874875954e+00 -9.554006918500304035e-01 -2.322453845805474870e+01 -4.053739460622288959e+00 4.753546456937232101e+00 -1.776969626261890411e+01 -3.850298534926858807e+00 5.599924257551890605e+02
-2.449141347424022008e-01 -7.137376898847467288e+00 1.667372577157879787e+00 -2.926025559447115043e+01 1.974211992758878864e+01 1.055082827022969809e+02 -4.192623845874876132e+00 -8.454006918500305279e-01 -2.332453845805474657e+01 -4.043739460622289172e+00 4.053546456937231923e+00 -1.764969626261890312e+01 -3.920298534926859091e+00 5.999924257551890605e+02
-2.449141347424022008e-01 -7.327376898847466791e+00 -6.426274228421200441e-01 -2.937025559447114986e+01 1.574211992758878864e+01 8.450828270229698091e+01 -3.892623845874876309e+00 -1.465400691850030412e+00 -2.289453845805474685e+01 -3.633739460622289030e+00 4.503546456937232101e+00 -1.767969626261890426e+01 -3.700298534926859340e+00 6.499924257551890605e+02
-2.449141347424022008e-01 -7.237376898847466933e+00 5.773725771578799293e-01 -2.942025559447115057e+01 1.674211992758878864e+01 9.350828270229698091e+01 -4.272623845874876203e+00 -1.385400691850030341e+00 -2.286453845805474927e+01 -3.943739460622289084e+00 6.153546456937231568e+00 -1.769969626261890383e+01 -3.630298534926859055e+00 6.949924257551890605e+02
-2.449141347424022008e-01 -7.587376898847466578e+00 2.837372577157879938e+00 -2.908025559447115072e+01 1.924211992758878864e+01 8.850828270229698091e+01 -4.512623845874876416e+00 -1.575400691850030510e+00 -2.296453845805474714e+01 -4.083739460622289208e+00 2.903546456937231568e+00 -1.767969626261890426e+01 -3.940298534926859109e+00 7.199924257551890605e+02
-2.449141347424022008e-01 -7.307376898847467217e+00 3.627372577157879974e+00 -2.898025559447114929e+01 2.324211992758878864e+01 9.550828270229698091e+01 -4.102623845874876274e+00 -1.445400691850030395e+00 -2.286453845805474927e+01 -3.783739460622288941e+00 4.053546456937231923e+00 -1.760969626261890397e+01 -3.520298534926859180e+00 5.149924257551890605e+02
-2.449141347424022008e-01 -6.347376898847466364e+00 1.707372577157879823e+00 -2.943025559447114858e+01 1.774211992758878864e+01 8.750828270229698091e+01 -4.272623845874876203e+00 -1.565400691850030501e+00 -2.291453845805474998e+01 -4.003739460622289137e+00 4.753546456937232101e+00 -1.761969626261890554e+01 -3.390298534926858842e+00 5.799924257551890605e+02
-2.449141347424022008e-01 -6.997376898847466720e+00 1.077372577157879929e+00 -2.901025559447115043e+01 2.224211992758878864e+01 1.005082827022969809e+02 -3.572623845874876469e+00 -1.445400691850030395e+00 -2.296453845805474714e+01 -4.073739460622288533e+00 3.973546456937231852e+00 -1.753969626261890369e+01 -3.060298534926859215e+00 5.899924257551890605e+02
-2.449141347424022008e-01 -6.907376898847466862e+00 9.273725771578800181e-01 -2.892025559447115057e+01 1.924211992758878864e+01 9.550828270229698091e+01 -4.352623845874876274e+00 -1.545400691850030483e+00 -2.296453845805474714e+01 -4.133739460622289030e+00 3.653546456937231568e+00 -1.765969626261890468e+01 -2.900298534926859073e+00 5.999924257551890605e+02
-2.449141347424022008e-01 -6.477376898847467146e+00 6.773725771578800181e-01 -2.927025559447114844e+01 1.824211992758878864e+01 8.850828270229698091e+01 -4.492623845874875954e+00 -1.545400691850030483e+00 -2.312453845805474728e+01 -4.243739460622289350e+00 4.653546456937231568e+00 -1.772969626261890497e+01 -2.740298534926858931e+00 7.799924257551890605e+02
-2.449141347424022008e-01 -6.317376898847467004e+00 1.287372577157879894e+00 -2.890025559447115100e+01 2.174211992758878864e+01 9.650828270229698091e+01 -4.342623845874876487e+00 -1.525400691850030466e+00 -2.299453845805474828e+01 -4.333739460622289208e+00 3.403546456937231568e+00 -1.753969626261890369e+01 -3.150298534926859073e+00 5.199924257551890605e+02
-2.449141347424022008e-01 -6.217376898847467359e+00 3.067372577157880364e+00 -2.927025559447114844e+01 1.824211992758878864e+01 9.150828270229698091e+01 -3.892623845874876309e+00 -1.245400691850030439e+00 -2.302453845805474941e+01 -3.863739460622289013e+00 3.453546456937232279e+00 -1.751969626261890411e+01 -3.160298534926859304e+00 5.499924257551890605e+02
-2.449141347424022008e-01 -7.587376898847466578e+00 1.997372577157879858e+00 -2.942025559447115057e+01 1.674211992758878864e+01 1.115082827022969809e+02 -4.512623845874876416e+00 -1.265400691850030457e+00 -2.320453845805474913e+01 -3.743739460622289350e+00 7.263546456937232776e+00 -1.777969626261890568e+01 -3.210298534926859126e+00 8.549924257551890605e+02
-2.449141347424022008e-01 -6.677376898847466435e+00 1.687372577157879805e+00 -2.947025559447115128e+01 1.924211992758878864e+01 1.015082827022969809e+02 -4.392623845874876309e+00 -1.495400691850030439e+00 -2.306453845805474856e+01 -3.583739460622289208e+00 3.053546456937231923e+00 -1.782969626261890284e+01 -3.530298534926859411e+00 8.299924257551890605e+02
-2.449141347424022008e-01 -5.957376898847465796e+00 3.157372577157880222e+00 -2.939025559447114944e+01 1.824211992758878864e+01 7.950828270229698091e+01 -4.912623845874875883e+00 -1.705400691850030404e+00 -2.309453845805474970e+01 -4.203739460622289315e+00 3.953546456937232279e+00 -1.784969626261890596e+01 -3.880298534926859055e+00 4.149924257551890037e+02
-2.449141347424022008e-01 -6.967376898847467359e+00 2.727372577157880507e+00 -2.914025559447114944e+01 1.974211992758878864e+01 8.550828270229698091e+01 -4.192623845874876132e+00 -1.395400691850030572e+00 -2.302453845805474941e+01 -4.023739460622288711e+00 6.703546456937232279e+00 -1.788969626261890511e+01 -3.350298534926858807e+00 6.249924257551890605e+02
-2.449141347424022008e-01 -6.517376898847466293e+00 1.357372577157880178e+00 -2.924025559447115086e+01 1.974211992758878864e+01 9.150828270229698091e+01 -3.962623845874876594e+00 -1.285400691850030475e+00 -2.304453845805474899e+01 -3.633739460622289030e+00 7.473546456937231852e+00 -1.787969626261890355e+01 -3.590298534926859020e+00 6.499924257551890605e+02
-2.449141347424022008e-01 -6.757376898847466506e+00 2.017372577157879654e+00 -2.926025559447115043e+01 1.974211992758878864e+01 1.125082827022969809e+02 -4.482623845874876167e+00 -6.554006918500305812e-01 -2.315453845805474842e+01 -3.743739460622289350e+00 8.453546456937232279e+00 -1.785969626261890397e+01 -3.880298534926859055e+00 5.499924257551890605e+02
-2.449141347424022008e-01 -6.337376898847466578e+00 1.237372577157880071e+00 -2.900025559447114887e+01 2.224211992758878864e+01 1.225082827022969809e+02 -4.492623845874875954e+00 -4.754006918500304213e-01 -2.327453845805474941e+01 -3.633739460622289030e+00 7.653546456937231568e+00 -1.783969626261890440e+01 -3.910298534926859304e+00 4.999924257551890037e+02
-2.449141347424022008e-01 -7.047376898847467430e+00 7.873725771578798938e-01 -2.914025559447114944e+01 2.024211992758878864e+01 1.115082827022969809e+02 -4.412623845874875883e+00 -6.854006918500303858e-01 -2.325453845805474984e+01 -3.623739460622289243e+00 9.853546456937232634e+00 -1.794969626261890383e+01 -3.740298534926859375e+00 4.799924257551890037e+02
-2.449141347424022008e-01 -6.727376898847467146e+00 1.737257715787987600e-02 -2.887025559447114986e+01 2.374211992758878864e+01 1.155082827022969809e+02 -3.692623845874876132e+00 -7.654006918500304568e-01 -2.323453845805474671e+01 -3.323739460622288977e+00 6.153546456937231568e+00 -1.781969626261890483e+01 -3.880298534926859055e+00 4.249924257551890037e+02
-2.449141347424022008e-01 -6.607376898847466151e+00 1.417372577157879787e+00 -2.934025559447114873e+01 1.674211992758878864e+01 9.750828270229698091e+01 -4.092623845874876487e+00 -1.215400691850030412e+00 -2.288453845805474884e+01 -3.013739460622288924e+00 9.573546456937231497e+00 -1.786969626261890554e+01 -3.700298534926859340e+00 6.749924257551890605e+02
-2.449141347424022008e-01 -7.257376898847466506e+00 -5.926274228421199997e-01 -2.952025559447114844e+01 1.824211992758878864e+01 1.025082827022969809e+02 -4.412623845874875883e+00 -1.465400691850030412e+00 -2.296453845805474714e+01 -3.483739460622289119e+00 6.653546456937231568e+00 -1.784969626261890596e+01 -3.660298534926859304e+00 6.399924257551890605e+02
-2.449141347424022008e-01 -6.667376898847466649e+00 3.307372577157880578e+00 -2.930025559447114958e+01 2.024211992758878864e+01 9.250828270229698091e+01 -4.152623845874876096e+00 -1.415400691850030590e+00 -2.288453845805474884e+01 -3.333739460622289208e+00 6.953546456937232279e+00 -1.782969626261890284e+01 -3.730298534926859144e+00 7.249924257551890605e+02
-2.449141347424022008e-01 -5.997376898847466720e+00 2.237372577157880293e+00 -2.924025559447115086e+01 1.774211992758878864e+01 8.850828270229698091e+01 -4.092623845874876487e+00 -1.215400691850030412e+00 -2.301453845805474785e+01 -3.323739460622288977e+00 8.063546456937231710e+00 -1.785969626261890397e+01 -3.570298534926859446e+00 4.799924257551890037e+02
-2.449141347424022008e-01 -7.387376898847467288e+00 1.147372577157879769e+00 -2.898025559447114929e+01 2.524211992758878864e+01 9.650828270229698091e+01 -3.992623845874876398e+00 -1.465400691850030412e+00 -2.286453845805474927e+01 -3.743739460622289350e+00 6.553546456937231923e+00 -1.775969626261890255e+01 -3.480298534926859144e+00 8.799924257551890605e+02
-2.449141347424022008e-01 -5.497376898847466720e+00 -2.026274228421200974e-01 -2.892025559447115057e+01 2.324211992758878864e+01 9.750828270229698091e+01 -3.092623845874876487e+00 -7.354006918500304302e-01 -2.296453845805474714e+01 -2.183739460622288853e+00 1.205354645693723192e+01 -1.785969626261890397e+01 -3.250298534926859162e+00 6.599924257551890605e+02
-2.449141347424022008e-01 -6.357376898847466151e+00 -2.126274228421201062e-01 -2.898025559447114929e+01 2.074211992758878864e+01 8.850828270229698091e+01 -3.292623845874876221e+00 -9.454006918500303946e-01 -2.297453845805474870e+01 -2.593739460622288995e+00 1.080354645693723192e+01 -1.785969626261890397e+01 -3.430298534926858878e+00 6.199924257551890605e+02
-2.449141347424022008e-01 -7.477376898847467146e+00 1.947372577157880036e+00 -2.924025559447115086e+01 1.924211992758878864e+01 8.750828270229698091e+01 -3.592623845874876487e+00 -1.125400691850030555e+00 -2.299453845805474828e+01 -3.843739460622288995e+00 6.703546456937232279e+00 -1.786969626261890554e+01 -3.630298534926859055e+00 5.199924257551890605e+02
-2.449141347424022008e-01 -6.147376898847467075e+00 1.377372577157879752e+00 -2.908025559447115072e+01 1.824211992758878864e+01 1.065082827022969809e+02 -4.062623845874876238e+00 -1.485400691850030430e+00 -2.299453845805474828e+01 -4.083739460622289208e+00 4.933546456937231817e+00 -1.746969626261890340e+01 -3.390298534926858842e+00 6.799924257551890605e+02
-2.449141347424022008e-01 -6.987376898847466933e+00 1.387372577157879983e+00 -2.904025559447114802e+01 2.024211992758878864e+01 1.055082827022969809e+02 -4.242623845874875954e+00 -1.445400691850030395e+00 -2.289453845805474685e+01 -3.923739460622289066e+00 4.633546456937231994e+00 -1.755969626261890326e+01 -3.100298534926859251e+00 5.699924257551890605e+02
-2.449141347424022008e-01 -6.877376898847465725e+00 1.567372577157880142e+00 -2.927025559447114844e+01 1.674211992758878864e+01 1.055082827022969809e+02 -4.502623845874876629e+00 -1.345400691850030528e+00 -2.309453845805474970e+01 -3.943739460622289084e+00 4.333546456937232172e+00 -1.774969626261890454e+01 -3.460298534926859126e+00 6.749924257551890605e+02
-2.449141347424022008e-01 -6.057376898847467217e+00 8.773725771578797517e-01 -2.932025559447114915e+01 2.024211992758878864e+01 8.950828270229698091e+01 -4.542623845874876665e+00 -1.365400691850030324e+00 -2.308453845805474813e+01 -3.853739460622288782e+00 8.633546456937231994e+00 -1.772969626261890497e+01 -3.530298534926859411e+00 6.149924257551890605e+02
-2.449141347424022008e-01 -6.107376898847466151e+00 2.477372577157880507e+00 -2.936025559447114830e+01 2.074211992758878864e+01 8.750828270229698091e+01 -4.612623845874876061e+00 -1.575400691850030510e+00 -2.297453845805474870e+01 -3.733739460622289119e+00 5.673546456937232030e+00 -1.764969626261890312e+01 -3.460298534926859126e+00 5.199924257551890605e+02
-2.449141347424022008e-01 -6.387376898847467288e+00 1.817372577157880142e+00 -2.902025559447114844e+01 2.124211992758878864e+01 1.105082827022969809e+02 -4.192623845874876132e+00 -1.125400691850030555e+00 -2.306453845805474856e+01 -3.423739460622289066e+00 9.733546456937231639e+00 -1.757969626261890284e+01 -3.650298534926859073e+00 6.949924257551890605e+02
-2.449141347424022008e-01 -7.017376898847466293e+00 1.487372577157880071e+00 -2.932025559447114915e+01 1.774211992758878864e+01 8.750828270229698091e+01 -4.412623845874875883e+00 -1.385400691850030341e+00 -2.309453845805474970e+01 -3.913739460622289279e+00 9.313546456937231710e+00 -1.770969626261890539e+01 -3.460298534926859126e+00 6.849924257551890605e+02
-2.449141347424022008e-01 -6.257376898847466506e+00 6.973725771578800359e-01 -2.893025559447114858e+01 2.274211992758878864e+01 1.045082827022969809e+02 -4.342623845874876487e+00 -1.205400691850030626e+00 -2.310453845805474771e+01 -3.343739460622288995e+00 7.713546456937232065e+00 -1.768969626261890582e+01 -3.410298534926859304e+00 7.499924257551890605e+02
-2.449141347424022008e-01 -6.437376898847466222e+00 2.717372577157879832e+00 -2.876025559447115043e+01 2.324211992758878864e+01 1.115082827022969809e+02 -3.912623845874876327e+00 -1.085400691850030519e+00 -2.322453845805474870e+01 -3.773739460622288711e+00 7.553546456937231923e+00 -1.775969626261890255e+01 -3.290298534926859197e+00 6.299924257551890605e+02
-2.449141347424022008e-01 -7.637376898847467288e+00 1.147372577157879769e+00 -2.930025559447114958e+01 1.724211992758878864e+01 9.550828270229698091e+01 -4.642623845874876309e+00 -1.555400691850030492e+00 -2.309453845805474970e+01 -4.153739460622288604e+00 4.553546456937231923e+00 -1.776969626261890411e+01 -3.380298534926859055e+00 5.099924257551890037e+02
-2.449141347424022008e-01 -7.067376898847467004e+00 5.073725771578800892e-01 -2.934025559447114873e+01 1.774211992758878864e+01 8.550828270229698091e+01 -4.502623845874876629e+00 -1.535400691850030475e+00 -2.301453845805474785e+01 -4.243739460622289350e+00 8.953545456937231251e+00 -1.785969626261890397e+01 -3.580298534926859233e+00 4.699924257551890037e+02
-2.449141347424022008e-01 -5.677376898847466435e+00 6.273725771578797517e-01 -2.914025559447114944e+01 1.824211992758878864e+01 9.050828270229698091e+01 -4.212623845874876594e+00 -1.345400691850030528e+00 -2.305453845805474700e+01 -3.643739460622288817e+00 8.753546456937231213e+00 -1.780969626261890326e+01 -3.500298534926859162e+00 6.599924257551890605e+02
-2.449141347424022008e-01 -6.127376898847465725e+00 3.767372577157880542e+00 -2.917025559447115057e+01 1.874211992758878864e+01 9.450828270229698091e+01 -4.212623845874876594e+00 -1.435400691850030608e+00 -2.297453845805474870e+01 -3.823739460622288977e+00 6.753546456937232101e+00 -1.778969626261890369e+01 -3.470298534926858913e+00 7.399924257551890605e+02
-2.449141347424022008e-01 -6.437376898847466222e+00 2.027372577157880329e+00 -2.914025559447114944e+01 2.124211992758878864e+01 1.015082827022969809e+02 -4.092623845874876487e+00 -1.295400691850030483e+00 -2.306453845805474856e+01 -3.473739460622288888e+00 6.353546456937231746e+00 -1.772969626261890497e+01 -3.650298534926859073e+00 7.499924257551890605e+02
-2.449141347424022008e-01 -6.567376898847467004e+00 2.397372577157880436e+00 -2.936025559447114830e+01 1.824211992758878864e+01 1.195082827022969809e+02 -4.302623845874876451e+00 -1.355400691850030537e+00 -2.306453845805474856e+01 -3.533739460622288941e+00 9.253546456937231213e+00 -1.783969626261890440e+01 -3.650298534926859073e+00 8.349924257551890605e+02
-2.449141347424022008e-01 -6.667376898847466649e+00 7.073725771578798227e-01 -2.925025559447114887e+01 1.824211992758878864e+01 1.195082827022969809e+02 -4.242623845874875954e+00 -1.365400691850030324e+00 -2.296453845805474714e+01 -3.423739460622289066e+00 8.353546456937232634e+00 -1.782969626261890284e+01 -3.590298534926859020e+00 8.399924257551890605e+02
-2.449141347424022008e-01 -5.707376898847465796e+00 2.217372577157879832e+00 -2.888025559447115143e+01 2.274211992758878864e+01 9.550828270229698091e+01 -3.842623845874876487e+00 -1.285400691850030475e+00 -2.293453845805474955e+01 -3.533739460622288941e+00 8.253546456937231213e+00 -1.781969626261890483e+01 -3.610298534926859038e+00 5.599924257551890605e+02
